0,39,39,38,36,43
39,0,37,39,37,39
39,37,0,37,37,44
38,39,37,0,33,39
36,37,37,33,0,38
43,39,44,39,38,0
